0.315 
1.8775089529022668 -2.111885905819605
2.4745911341033726 -3.0517310944507425
2.4351019730807684 -2.433954445385602
2.394877770907389 -3.6551891221761754
2.34807076270445 -1.7229762063990088
3.1096987157349254 -3.037323816619594
3.0986812487841893 -2.700290207069272
3.7535366338453606 -2.994326772241346
3.742029418572595 -2.391635760531321
1.8654163396270866 -3.17889211825548
3.1099042719405623 -3.639265258980599
4.389493765943189 -3.0007494368472365
5.000709058798402 -3.1550570607366364
5.625366610811026 -3.2187650382607673
5.842146467017392 -3.7859023045025624
5.779289696593543 -2.631589461336587
6.234738640840913 -3.1857390353154496
5.124925446821462 -3.7429184924690415
5.07232259928311 -2.7615016803185606
4.42454139022361 -3.5989705617379784
4.456705421682734 -2.4009102019675024
3.7587887174978745 -3.3418331506140837
1.2343195271637324 -2.1194768606049466
1.4005241449924628 -2.737871249692999
1.7622917776581986 -2.5080109905598587
1.6566511903286192 -1.5420699638131417
2.595357782184129 -4.217204236400098
1.903155101709293 -3.993232334757808
2.1228896208787664 -1.1708072215907759
6.10479318032103 -4.321331707386226
6.065263138436165 -2.108242590449173
6.707935801640451 -3.549017014132617
6.707071798381249 -2.8213485968768937
0.7926851133365005 -2.683125106108649
1.1588728672898754 -3.297853454215413
