0.31 
-0.5928125165610605 0.31036275420506915
0.5416327694887665 -0.9779215056320949
-0.21507733199557438 -0.17761551883065663
-0.9401754004143531 -0.20006049570355716
-1.8813734089830039 -0.7839309679124442
-0.012352198561075098 0.5193737923743882
-0.6123807766436031 0.9274734489371705
-0.016706464039001584 -0.748356483608441
-0.3793616580722384 -1.2311997617842205
-0.9829447959277213 -1.219980100094429
-1.2840523121512666 -0.6966768113644146
-0.19995631851068588 -1.807227726754955
-1.2585148520086968 -1.7566816693805325
0.2736388794615322 1.0508131698301135
0.5745221487593288 0.3788733196611882
-1.1023682149185379 1.279787118694455
-0.3971292894892893 1.4912747893289904
-1.1849337623787757 0.4825208984670377
-2.4755378363251945 -0.8879158062892145
1.0920152641741498 -1.22479580503255
