0.29 
1.4387988247812578 0.26811799704964556
2.0171546771964044 0.28314335186461287
1.6320627260300382 -0.2771491735493813
-0.5718822393970874 1.0537396473949308
-0.015872518368746508 1.162452151138436
0.5000370283421562 0.9264136032115002
0.9613118246745681 0.5962574193587994
0.8259466253861296 1.3882312529575414
-0.2212570268939874 1.6903098801173055
-0.6982767858174039 1.995154208592984
-0.7965759329259321 2.5523591658194276
-1.1397082288048612 1.64114681315167
-1.137930586780647 1.0751826072180226
-1.6165299610636819 0.7719566350662572
-1.808948189662432 0.24000733154273987
-2.1789243383569517 0.8333026278271254
2.51494706875222 0.014775024211299457
2.404116411901155 0.6955359368064342
1.3908954092003485 -0.7886398008443607
2.0647114045877357 -0.6413281025615939
0.10520754969815677 2.151860017371876
-1.615310115702294 1.946771789825549
-0.8985886196556998 3.108318870356844
-2.060349158346763 -0.26620605480929094
-2.7435669585166576 0.8589936032702787
0.9807123005863327 -0.08319958466180635
1.6026257981138765 0.8216567906153179
