0.29 
0.26127336161121495 1.4004233823107433
1.4001783851157201 0.08344372657378862
0.6410099614152799 0.961313324618626
-0.22198297811075815 1.0793256521476688
1.0206099393124584 0.5223604524868628
-0.7196959490626209 0.7818158797378483
-1.2233518646400903 0.49518995494122453
1.3712099108418627 2.738930468463754
-0.8766484978153073 2.71626189643933
-0.11827554510740754 1.8393177773202385
0.648725234935626 1.8323047345323697
-0.4975812961814653 2.277927598230374
1.7794327534922068 -0.35510857192078693
1.014922838497816 2.2818929852778367
1.9209158519793137 0.33806703800088045
1.0730976161077475 -0.39511527637547134
