0.33 
-0.5488576038589686 0.09940918192849588
-1.2050276098626935 0.09131721753889488
-0.01318367103781755 -0.2797931589081262
-0.022668432029874275 0.4916609441826654
-0.7593157209868839 0.7212328964477408
-0.945603349375012 1.9762810907612507
-1.8473295985158664 0.07799918312191097
0.5057793801006937 0.8569437304554096
-0.9527823569751246 1.3341013386822043
-2.276376614348237 0.5548374854078312
0.5716027851368752 1.494982120140913
-1.5709680833919242 1.5050548980506901
-0.588675202223665 2.5092302579758474
-1.3699681906338002 2.4573294943579054
-0.7439413316442091 -0.527400285465064
0.5232624053375444 -0.6331977811941426
-2.4183278218635307 -0.21515338130575792
1.1398758786623882 0.9563441972638196
-3.0391687080449152 -0.3759939379208219
1.7412590592439625 1.1791618161263144
0.8550543315037549 -1.1826087991205867
1.1388169495406584 -0.4528552014689641
1.3003532253207601 -1.6441408526221244
-0.9239503118473895 -1.1443122374065926
-0.90605600436037 -1.786253374760716
-1.5391971221789662 -1.3255039836897622
-0.5361375525855976 -2.3102564005608075
-1.3184731009125135 -2.2775751690434127
