0.29 
-0.6264840604209823 0.20140321055640026
-1.2084419750128153 -0.06740102954521343
0.002434582987381086 0.07682659121881055
-0.3136228465526749 0.7610192257110439
-1.0621056642861602 0.6720546057770338
-1.7386711251325304 1.7110292341390287
-1.77799836490109 -0.3310589300935569
0.012457978692951677 1.297263341663484
-1.4827658282427492 1.1381834703335594
-1.9465571693715102 -0.9345528242620648
-0.18422301602257818 1.892181629101131
-2.1011627432451263 1.0375109071615491
-1.6340531269763616 2.3288284157717287
-2.3093886995059805 1.9697977831970215
-0.5505777230383307 -0.4354001517076929
0.6233429882785634 -0.014820812432040675
-2.4049661799565207 -0.3223542647920091
0.5377077186455321 1.6396914777565286
0.9792085441854662 2.0841787249235466
-3.0201053690147335 -0.4411060883840613
1.2212032823493564 0.17418344031578814
0.9586877246265159 -0.5441461168771206
-0.4708947111423839 -1.058226945184185
1.8457589719519039 0.223422045372507
-0.5890135468564974 -1.674430628751284
0.09377029727030348 -1.32974128539178
-0.26483995174104435 -2.210710433583853
-1.0248220482363126 -2.124645858684728
