0.31 
-2.317390123558058 1.8636337327518215
-3.2225030180926537 1.1561347045176338
-2.1584423898174334 0.7234061165265523
-2.712864383358293 0.8848346413647876
-2.8059883815223925 1.5576159237909633
-2.1769144830813056 1.3017710661101185
-2.3689663148985867 2.4482682237955453
-2.8977092101787427 2.2318683347957107
-2.7320464019447206 2.8873078516828223
-1.747294855019408 1.8276498905807332
-2.0507424836375616 2.9445211712496024
-2.104061122278152 3.528464214460366
-1.6160311092648507 3.8344597584882973
-2.674375392971242 3.565844424079997
-2.2440421902497643 4.089997678064716
-1.522347916001684 3.1614204702658637
-1.687475696047728 2.5059925694875727
-3.7949295348196213 1.0757181235880773
-1.8042925583086098 0.26604884936215745
-1.854333498102863 -0.29674314418904857
-1.2731546066181016 0.07343635113117976
-3.4752532944757286 1.6744401753686868
-3.323396304063734 0.5877966358906405
-1.6159485089903498 0.918372160050058
-2.48272477948829 0.24604681707315143
-1.1835588029555215 1.7912691272531627
-1.1948090729159084 4.210721240371429
-3.14017652784283 3.8853291615280297
-2.3072069265386945 4.651260555621237
-4.339606673003642 0.9263395590275156
