0.31 
-0.8743154423938814 1.384111762985257
-2.5290841381557434 1.97290107150722
-1.3513847923460178 1.7650173601903447
-1.9384187629359726 1.8791280540950994
-0.658666266114259 1.9548418631391167
-0.14956924073407102 2.2676884115423244
0.38417733532420684 2.535801819340157
0.9273473910491933 2.783894989177958
1.474707268118868 3.0223252277138943
-1.3834699372917791 1.0484977292617965
-0.2650039127768653 1.3554241358123331
-0.7127012684736611 0.7956057750033503
-3.117333559555597 2.0770973606501597
-2.579358963931679 2.568057061417471
-2.780795169788423 1.4312047097047176
2.024155540647147 3.255676113316328
-3.706619418616384 2.172433127329527
-2.700280031683125 3.15257041689125
-3.0887032805338865 0.9198253526350348
2.5747478112170517 3.4861076004817866
3.1259783910428234 3.7147969328262707
-4.295883400668938 2.2653170581224966
-2.853496076033444 3.7290779904014393
-3.412925612447561 0.4190930755362487
3.6775544565364804 3.942411687860771
4.229287760278447 4.169334706399444
4.780990419950198 4.395845422481465
