0.33 
-1.1202747462310603 -0.07390867226578401
-1.9447387268978138 -1.7471775035172148
-2.259207202116159 1.4363776120540916
-1.7649021679543204 -1.1257414504812113
-1.6292772038811865 -0.493289594175234
-1.6753572633301876 0.28214593977282587
-1.9615892796654406 0.8621475764510893
-1.6316546792236148 -2.312946356300344
-2.054921976432655 2.049550564910578
-0.8793140700517904 -0.6871668073961429
-0.4617918611313336 -0.03504271618014339
-0.9532205456588928 0.5635324225604681
-2.497006660445654 -1.4136867656063434
-2.409490889739009 -2.1951877698061177
-2.74071593035729 1.0072770279820098
-2.798132141859776 1.7916745731469454
-1.3888850546963185 -2.9119637667768288
-1.9336846872534814 2.6840452696278043
0.1824038665493406 -0.053717144329539716
-0.4730815427101471 0.9933923370431517
-3.1290285176482264 -1.2879016395681533
-2.9747482177786506 -2.5054583962402166
-3.351859182036433 0.8028867576026558
-3.3892128783291025 2.0493495950497
-1.223355103431859 -3.5368379624881228
-1.8465205347124103 3.3240433422706577
-3.5513864910834565 -2.793103016181855
-3.988005108004785 2.287445289933227
-0.6633060924458822 -3.858496725451242
-1.38984392303302 -4.160397709041406
-1.8679971203016374 -3.535951832304935
-1.265094469338591 3.6033910002992373
-1.9674718881519664 3.95788411943625
-2.48940107568343 3.369291341295225
-0.1457127590511693 -4.244380239181605
-1.6889604933409808 -4.731576996109912
-0.7465490529483404 3.9864120839136676
-2.1358773855750166 4.5802070323298345
0.3819421318605247 -4.640253556499824
-1.9885377830725735 -5.302070473057199
-0.2532871149292403 4.400959223563398
-2.29978590743378 5.203345114408643
-0.1566242437182179 -5.019234285391114
0.5761754606900025 -5.270050441151539
1.0409014155758676 -4.650557129604175
0.5951183109619362 -4.017147568989387
