0.33 
0.8917232314151657 3.795047993367873
0.2741379782992693 1.9286481437104173
0.5775439571779271 2.5246855984315433
0.3780330372598044 1.2676943050863891
0.7385943454899602 3.158890003530801
0.8004232160763824 0.7683117973907949
1.4533838045450933 0.7802578923575676
0.4158674203517225 -0.9735622785433008
1.3532221698923739 5.699866002347959
2.8262098174430115 4.059861202022688
-0.7075327630204801 4.916745677006544
1.2009125426493465 5.064955267979706
2.1889850063896037 3.9175908982098977
-0.20317122513774244 4.502113476942114
-0.3207208808451558 1.6259458169812344
0.9327140427475382 1.8240930029361864
0.4076737582028381 -0.320553921604446
-0.1976741106983676 2.401075837334376
1.0478316723744454 4.429867124791673
1.545220565499072 3.806732038769039
0.31817024594220933 4.108494184995945
0.8893422886387846 0.12073034357937623
-0.0923218760095674 0.09983674502283285
-0.02132885833033779 0.7496326244932856
-0.5854768123695988 -0.32833412643136445
-0.6733492369154375 0.7120174120060851
1.3959525407783384 -0.29141877419350626
