0.35 
0.6115617903566823 -0.6919857761031317
1.0477974311409608 0.35152285899080615
1.1657449160557665 0.9772199852306893
0.5262998181342124 0.0030547481164683588
1.6813272929174339 0.40113592293511746
1.1670687411250331 -0.2688852403302996
0.6862331094980902 -1.3882645946848169
0.041659987641325946 -1.1064884558593668
0.45076367274929385 -1.7632057723995254
-0.07124084397922248 0.22617959451791997
-1.9010830707258393 -0.5440416107806672
1.698828378850727 -0.602136799826106
-0.987001572724312 0.5571180583631788
2.1997238532374084 0.04712218108386115
0.15706590529411746 -2.789676342702785
-0.6578714921102118 -0.40853222184443855
-0.7369769630498046 -1.0379223940141333
-0.025570569759826425 -0.41165368843778116
-1.2926793486014765 -0.4753825775748849
1.2559318034409452 -0.9694922793623706
-0.6688484304084923 0.007098852035405905
-0.45319917213936306 0.7461502992782202
-0.1676629762300904 -2.246234141749775
0.31416931217383226 0.7390253708064474
0.6378246341720678 -2.370032154519225
-0.05039211227402435 -1.6224303987581816
