0.33 
3.440124605417535 3.7104167523267884
2.7460127624687405 1.853344309567082
3.2053793107167676 3.082359973046856
1.4508993152349274 2.0543705752635124
2.9757111830753855 2.467900831092568
2.1011156182658595 1.9719335576988808
3.99879178503328 4.080436603180889
3.2611117272704067 4.356155188423964
2.7709925507534914 3.7396464939441687
3.8554706218330317 1.1556079483017756
3.310581769025462 1.519851296403063
3.9643893579378617 3.2935971911501234
2.286958283003075 0.625145456707498
2.5164324884105227 1.239099502641375
4.391645085537327 0.7791558676041861
0.7992537119643046 2.1218775302281396
2.0575904171279626 0.011472656695233407
