0.3 
-2.434665314723417 0.3855343316735624
-0.44946678902163917 -0.18563898126217632
-0.9483428893496745 0.13795777565212095
-1.8454524909453422 0.4660047330508803
-2.328976006147502 0.9694784058320696
-2.6602303617406005 1.8102692740901225
-2.8643670383451223 -0.025278763640167377
-0.9092534099449697 -0.5603617760787213
-1.2825217665912438 0.6162549361888736
-1.1999505646915916 1.194124474947869
-1.5832112832444618 1.6322979628748613
-0.8100932242012783 1.6272678094700237
-2.1547003740668202 1.5237638549547163
-3.4450372351393406 -0.0253472652361599
-3.013078189480369 -0.5865535203944703
-1.4413214756800288 -0.7927271841292863
-0.8215940281277399 -1.13482112827944
-0.2595714037100368 1.443419112872499
-1.4286284236058975 2.193247841934689
-0.9933195398712119 2.5788927177458922
-0.9754557383557123 3.160565116027409
-1.2232829483598116 3.6860822794114507
-0.5312768758281962 3.534632675176601
-0.5851337068622919 2.164551949246684
-0.0649468637351249 2.425748684450884
0.1153766364945612 2.9778977207669923
0.5152079776467063 2.3932088619737897
-1.844698876568159 2.598025518978275
-2.9572881319508157 0.6660230779536372
-2.1774911156307954 -0.1482093153098922
0.04864543619423195 3.5543871054274043
-1.41876856986056 4.232556819458221
-3.1714950222460763 2.085067234894305
1.09349186952037 2.442732761319402
0.14360030557707157 -0.15358497351444014
-0.2965202689715081 0.3870974148673074
-0.23468850382718248 -0.738867336658277
