0.28 
1.8639449785530362 2.863994045044431
2.4158711679236 2.9966093565394423
3.1101615082664913 3.6130622610908927
1.3437950714555373 3.092219189464182
0.7569088531105069 3.779401129432407
2.1543694508975437 2.386554005795659
2.565973178392954 3.5341041019691133
2.2439053925038555 3.9898129870904846
1.6881351891634993 4.039212526720837
1.2907426836722355 3.647548695905144
1.9919360255168443 1.861515585493943
2.620244476119801 2.095069820925894
2.49086088438933 4.4806616289831975
1.5089784338835166 4.558655421265288
1.9127150111777924 3.4143274762061147
1.4938917272127727 2.4462554554678095
3.6527475222340837 3.6987280364011
0.22376304428574367 3.9116266948136618
