0.31 
-0.2606116158281955 -0.23952502628984254
-1.6555917015482065 -1.3697990508563578
-1.9685250217888555 -1.9190605148167428
-1.0580886824583655 -1.1675585368684978
-1.7706169122333284 -2.495796839587479
-1.24335156405536 -2.81114134116422
-0.6771290879557691 -0.6919862167948746
-2.6843563438553675 -3.9507225012045657
-0.7876819629704888 1.4819700216931575
1.4854864561880028 -0.6272693797363408
1.003130178924572 1.0568862588605945
-2.484886097083389 -3.369615743963199
-0.7065644091710996 0.8733770672446126
0.8747858687568877 -0.685047188462426
0.6672390052604337 0.5427596511773669
-1.627196300731003 -1.403366401779192
-2.2563391027917845 -1.2147654083405466
-1.674623103687243 -0.7466344888206033
-1.940983301964649 -3.085775077737786
-2.7205637949637533 -2.8023833956197017
-2.4918029223088314 -2.2320481018476848
-3.3240234217497084 -2.9133983857471675
-3.084513924243706 -2.0700084657101137
-1.6729580329582312 -3.6378873043153552
-0.6104340718117449 0.26690735423487466
0.2811712611361319 -0.5277582864163137
0.14227875362652326 0.22563970352188079
