0.28 
-2.869589957971855 -3.2104821122198763
-1.4102902181506511 -2.4589729473028297
-1.9393317778311185 -2.6369623576936334
-1.085485275732064 -2.004581293986485
-2.4062549248803498 -2.9208195626328983
-0.5445374289803401 -1.9294827996397799
-0.1346900191796952 -2.2882232837754626
-4.176773300542939 -2.2387840855501944
-4.257159058621612 -4.07509342840466
-2.5735712579456695 -4.812888330162038
0.20174490179794774 -0.6480586264426293
-3.7144737746865077 -2.5262745682530583
-3.795753647239992 -3.7861414205617123
-2.631679000255894 -4.2715935552134
-0.8797998897048233 -2.626180963952038
-1.7407740627942245 -2.0126902466759695
-1.4055041415498615 -3.015501719491667
-0.17483535343477788 -1.0414891343212973
-3.2665068092536598 -2.836447778219445
-3.3336027598018156 -3.497425713263981
-2.712291680368529 -3.7327093678807968
-1.0451073945200384 -1.4600297629243095
-0.12254528568555792 -1.5838451254489794
-0.7193884240805002 -1.0224885842712743
-1.4408924212880967 -1.085904426273213
0.4210928082222765 -1.6171845523107113
-0.7802705422259004 -0.48125499538911404
