0.29 
-0.34318271844211057 0.5883947242529901
-1.957196092920875 1.1138051870907173
-0.8615005844877014 0.8408858485810795
-0.2627229006864457 1.1593465117756185
-1.4079643011488394 0.9832889640492322
-0.07487870825794438 1.6918973012569651
0.1263966742138939 2.2191953121176273
0.33425698665535775 2.7437076347547475
0.5455126250371047 3.266695350275881
-0.7432606519167025 0.17351030601093365
-0.07244502184490365 0.07926691075397688
0.22444072007132104 0.6881620868734571
-1.9598670684997972 1.6773786131527453
-2.5029211465683194 1.2556896603478285
-2.234076168731242 0.6228935254783082
0.7586062077472192 3.7888039277842536
-1.0301705788395543 -0.3120060119488849
0.1862466522878992 -0.4218563342524115
0.7874794895045832 0.6567775503755158
0.9727309262949995 4.31037410036684
-1.3027676745093482 -0.8051275127757644
0.4423184726850014 -0.9237500711198984
1.3479229747808519 0.5988425529609875
1.1874482812785185 4.831587798244555
1.4024983862625442 5.352541971487437
1.6177039171100946 5.8732800507735075
1.832956577050378 6.393767302124211
