0.33 
1.342018141555368 -4.100513100607279
1.2640690948066526 0.6930167601358302
-0.19434242200998592 0.02517889460076527
2.141032230267789 -0.6094423610340741
1.470501556953785 0.07672069663648995
0.7421865396599668 0.30603316752960324
0.390102510475465 -0.22398517485313083
0.5064897492179987 -0.8501604043796332
0.18458981414002773 -1.3990107881707443
-0.3798689107685999 -1.107671208737081
1.1083578110936252 -1.0562733027997
1.5063485341719585 -0.5588330155612549
1.0753047601756367 -4.696871815984846
1.0922635286876545 -5.323929779954572
0.4673308062900903 -4.850949565699539
1.4588504019187072 1.3132622731812236
1.927651916410372 1.7423023677931266
1.117463056539006 1.849763455284498
2.775019728614789 -0.5704239411565057
-0.7018319881358267 0.4070353509947731
-1.6660300625845075 -2.3185088324383014
-0.22583317749629364 -3.413445569374226
1.1672326693573267 -3.4700748686774294
1.8251516850096223 -4.524958029137999
-1.0359006946604374 -2.2390245254552874
1.2793688019434597 -4.096395754818716
1.883033753723919 -3.754163175320579
-0.5853239789333109 -2.8898820405293297
0.7355085127592336 1.0697260219406732
0.3731099906772306 -3.201659438506296
1.912815896430061 0.6996912604888803
0.9259511955786617 -2.8883373523023983
0.7772802589697752 -2.2681491109122804
1.046366129155633 -1.6902735461503708
1.6445550584401536 -1.902801126198036
0.1843013024758858 -2.0358896558405237
-0.4020149272652505 -2.2818709785314955
